1111
7730
5990
9182
2411
1067
8430
1067
1234
1023
8256
3588
2041
3195
2041
1214
2101
6005
5968
6769
4378
3897
3877
1111
9723
4152
191
5342
7891
2552
6905
4152
9315
3698
2814
3657
1246
3347
2321
7456
5543
1124
2734
9888
1111
4989
1207
9029
6606
5136
364
6154
1832
2379
2303
2814
1632
7293
9000
4741
6036
0721
5913
2907
0355
1595
1832
1899
5690
1833
0721
0721
3311
438
1038
0800
3107
8050
5776
4741
4126
3108
3304
3717
3108
8050
3496
8051
8050
1570
8058
4946
6769
2639
2736
6969
4394
2299
2289
1710
1107
2578
965
1966
2995
401
9986
2995
1017
1017
5491
1017
2995
5738
7192
2303
2531
2995
1017
2531
2995
1076
5634
4596
6392
1337
5555
6392
6392
7214
5240
0348
0561
1211
2442
666
1117
6523
8765
0880
0001
1337
9784
8269
9382
0021
7249
9632
4268
3333
1545
1635
9269
3252
3982
2535
8962
2431
1191
9282
2536
0967
5651
3996
1379
2591
2586
2647
6283
5461
4386
1256
2653
8243
7728
1256
8243
1350
1309
5732
1310
4444
0800
7478
9912
4684
8824
6655
1167
2474
1319
5732
2647
3539
5175
3366
7634
3539
9999
3539
7209
61712
6171
7766
1167
3192
5322
2345
0247
2121
5389
2054
3997
3518
9618
1813
6767
4789
2591
2415
1190
3374
1306
9618
4789
9618
3497
8356
8432
8201
102
6969
4073
1505
4073
4723
1818
2405
4723
1730
2405
8
4723
1651
5854
357
4723
2379
4567
1976
2405
9468
8
3287
3547
4723
2405
4073
1353
8642
8643
6855
8253
4573
1870
6893
2427
7437
8
9294
1164
599
1948
8461
7814
2137
6666
7490
4521
5454
4440
9264
4352
38
1818
8538
2026
2217
5978
1707
7112
7764
1909
8431
3399
2194
6305
3399
3399
7253
7182
3854
2356
6834
2026
9142
7194
1927
7195
5682
2814
3423
404
6829
4521
2458
7743
1942
6490
404
8572
6218
5191
8572
3948
5824
2251
4180
246
1428
1285
2258
6789
3298
6788
8723
4055
7193
3487
5825
1325
8575
1695
1777
5691
1984
2468
5193
2718
7
3251
3389
5825
2323
3728
9324
1793
3545
5482
1543
7384
65
293
2803
7353
5300
2300
2953
6050
1899
2026
5478
9373
8385
2629
1234
273
3
3648
6370
1116
1610
9488
1824
1102
5555
1636
1111
9368
2473
2303
4310
7482
7683
4218
5871
8758
547
6274
6927
8398
406
2303
1594
7393
6666
6040
7869
1735
1938
3612
1637
7158
5678
3459
6729
374
6721
4259
2310
5946
4786
8736
7691
4698
5362
6529
7692
4390
1304
2664
4376
1112
5130
1083
5468
5130
4539
4540
1254
5219
0
3434
3862
780
2569
6637
9472
4938
2394
9468
4872
2655
7771
4832
8140
7634
5893
6528
8651
2114
2659
2948
7975
8466
7904
2508
3947
1
2794
3258
1838
6868
912
2785
7482
6384
3155
4769
5092
1838
8452
3950
6979
5039
8450
7777
8564
6574
9731
6743
4972
8641
5092
1295
3594
4594
4291
426
2345
4320
7771
7241
5478
5739
5817
2589
2657
7982
2348
6475
525
1234
1211
398
7531
4938
6871
1638
2478
5538
5854
1066
6871
5817
1507
9823
4579
8462
2487
1945
3752
5376
3000
3526
367
367
2689
9725
407
2385
2102
8374
1230
1944
4736
1113
421
9462
6831
2470
1226
2111
1007
8080
2103
1212
2026
6731
4634
2018
2432
1652
4165
4784
9815
64
7521
1111
5569
7524
9999
9023
6666
4685
7532
6465
3056
503
1738
2806
6767
4783
5554
3892
1387
9867
5555
9012
2937
9174
698
1989
6767
5827
6362
0
591
5948
9838
9034
873
5948
1
4236
1654
184
5466
3563
7372
2736
9175
3575
7041
7771
6281
3147
7372
4562
1930
762
2884
7728
1571
1312
7372
2468
389
2026
6265
2122
1111
1
5555
2326
9425
1
3309
3209
8257
9463
8374
8233
8734
508
0
4796
4266
4983
3256
8367
1
2549
4382
1477
7438
15
9508
8979
322
2734
3060
2112
7438
3815
7880
7726
5835
9746
5721
6263
1999
9914
5327
7526
1657
6140
2749
6767
9163
1512
9567
2897
4747
6767
7982
1102
7195
7664
3649
8204
3856
5743
2303
7593
9773
3467
5764
8426
2367
6841
5
4375
9678
2818
2963
1987
2301
2642
8164
6083
987
2963
7211
358
4826
6251
5396
5141
4812
1411
7241
4759
1234
8965
7809
8453
2468
0
3721
6394
8965
6221
2264
5644
1794
9854
2721
8964
8349
7241
2003
3127
2019
909
2785
538
8964
1737
303
9275
3210
6831
8964
7438
6353
9870
9786
3728
538
538
2639
6767
8569
1212
4544
5098
9890
710
3762
9999
1825
9998
3476
8539
7150
1234
2456
3762
2406
3512
1122
524
2026
6238
3512
4363
7278
2477
7132
4321
2567
93
2491
4487
1073
174
2587
1006
4382
7902
48
5481
6112
4827
773
9355
7623
8271
1803
9997
4827
9996
7945
1999
9473
8391
4487
2104
824
3009
8322
993
4187
709
5749
8391
1234
5749
1593
9452
9876
323
2023
5749
4590
582
582
4153
1503
9143
4153
7631
1753
7512
3027
5821
2024
4321
6942
7358
1739
506
318
8494
4954
815
6160
898
5914
451
173
5729
2076
8273
4032
1206
7315
4441
8536
2484
9357
1950
1951
4506
1616
9346
3192
1928
2537
2233
238
406
426
8973
6497
9321
9463
9474
7468
9424
1521
8963
5732
9585
3727
7183
256
618
2605
2407
256
5305
8379
6283
7492
256
7503
2198
611
4853
4212
6437
2003
7980
7566
5745
9835
8653
2396
8463
1867
3567
6362
9753
1348
6584
521
2521
2791
8583
4980
904
1360
1598
5831
8824
2500
1443
7208
8097
8091
1304
3163
3167
3167
2406
5384
2874
2547
2521
75
0
2547
1234
7856
1
5588
3169
809
2
2947
3
2394
1234
5569
7392
2843
4321
7392
5562
3729
3468
4321
4321
3169
3169
7898
7392
7362
187
8242
4321
742
7953
4814
7543
9425
6770
320
6853
2018
9476
2854
5432
7391
3075
7395
6584
3925
6655
2854
1466
3678
2509
9174
2940
3418
1998
9843
3749
2525
9101
9275
9876
8261
6793
2233
4789
1159
8765
